98
118
74
2
85
192
150
6
188
65
169
132
13
126
43
139
11
182
138
33
49
29
39
160
144
56
104
8
68
111
41
37
12
0
35
109
69
167
189
145
15
3
161
70
84
155
184
53
174
183
140
199
4
149
101
28
59
20
23
60
148
47
154
94
66
57
172
52
179
22
185
95
181
55
18
62
143
159
119
106
124
128
110
86
166
194
88
176
180
26
103
89
127
165
163
186
153
81
77
58
82
87
91
79
61
7
177
171
25
123
5
45
142
78
175
162
46
80
190
105
136
73
164
31
54
193
117
30
42
156
198
151
19
112
121
131
24
1
197
16
27
38
102
63
100
17
44
133
10
178
191
90
125
71
67
120
51
