168
31
16
88
171
13
56
188
98
81
187
174
90
107
27
71
58
164
7
95
39
165
8
106
178
3
32
138
14
144
155
49
102
61
62
9
33
37
148
15
64
114
83
23
76
89
183
153
0
170
117
93
140
36
67
108
69
163
110
191
139
198
46
60
141
66
51
109
72
118
59
65
116
105
77
43
42
5
96
41
193
159
22
146
103
181
192
160
48
30
54
147
104
184
28
166
11
84
4
112
126
156
29
24
161
194
6
173
180
158
53
136
182
121
99
189
19
94
130
12
124
111
167
74
152
97
26
100
101
150
1
87
2
120
44
82
92
179
91
185
119
40
169
196
17
157
