86
75
150
101
1
97
152
74
125
87
2
120
44
25
82
129
92
179
91
145
168
78
16
88
171
175
113
56
50
188
85
13
31
38
157
17
196
98
81
187
174
169
40
119
185
8
165
39
95
90
107
27
71
58
164
7
21
132
73
144
155
102
49
14
138
32
3
178
106
52
55
57
172
128
167
111
148
37
33
9
62
61
15
64
114
83
186
23
89
183
76
137
141
66
176
80
12
130
124
94
63
122
79
133
161
162
45
151
72
59
118
109
51
60
46
198
115
197
42
5
96
41
193
159
142
191
139
110
68
0
153
143
170
117
93
140
36
163
67
108
69
199
18
134
20
22
195
146
103
34
181
192
160
48
30
54
147
104
177
10
190
4
112
156
29
126
84
35
11
184
28
166
43
77
105
116
65
47
131
149
24
123
127
194
135
70
6
173
180
154
158
53
136
182
121
99
189
19
26
100
