53
184
167
69
189
155
84
70
161
3
15
145
195
168
126
13
132
169
65
188
6
150
192
147
71
67
120
125
90
191
178
115
10
133
44
122
72
17
107
40
100
63
96
32
135
102
92
38
27
16
197
1
24
156
42
108
196
30
198
117
151
54
31
193
164
73
173
136
105
190
80
46
162
175
78
142
45
5
7
36
61
79
91
141
21
87
82
58
77
97
81
14
50
41
111
68
8
144
56
104
157
171
177
123
25
158
112
19
131
121
116
51
98
118
74
85
134
2
43
139
182
138
11
49
33
160
39
29
12
0
109
35
37
143
159
119
106
124
128
110
181
95
130
99
22
185
86
64
176
180
88
194
113
26
103
89
163
129
186
153
146
187
165
127
114
137
75
93
76
48
166
52
179
172
57
66
94
154
47
148
60
23
20
59
28
101
149
4
199
9
140
183
174
83
62
18
55
34
170
152
