142
78
5
177
171
157
104
56
8
82
58
77
50
14
41
119
153
186
163
165
127
89
103
26
180
176
88
194
166
52
172
57
179
22
130
95
86
110
128
62
124
106
159
143
35
109
0
12
29
39
160
33
49
11
138
182
158
173
73
54
151
19
112
121
116
98
51
125
90
191
178
10
133
44
17
100
63
102
38
27
16
197
1
24
156
42
30
198
117
193
31
164
136
105
190
80
46
162
175
7
61
79
91
87
68
111
37
69
170
152
53
4
149
101
28
59
199
140
183
174
55
34
184
155
167
189
3
70
161
15
145
13
126
132
169
65
188
6
150
192
85
2
74
25
123
45
