53
152
170
34
55
18
62
128
124
106
143
159
119
41
37
12
39
29
0
35
109
69
189
167
184
155
84
70
161
3
15
145
195
126
13
132
169
65
188
6
150
192
147
71
67
120
125
90
191
178
10
133
44
17
100
63
102
38
27
16
197
1
24
156
42
30
198
117
151
54
31
193
164
73
136
105
190
80
46
162
175
78
142
45
5
7
61
79
91
141
97
77
58
82
87
171
177
123
25
158
19
112
121
116
51
98
118
74
85
2
139
182
138
11
49
33
160
144
56
104
8
68
111
50
14
81
153
186
163
165
127
89
103
26
114
137
75
76
48
166
194
88
180
176
64
110
86
95
130
22
179
52
172
57
66
94
154
47
148
9
199
59
28
101
149
4
140
183
174
