146
195
159
193
41
96
5
116
65
47
105
77
131
149
24
161
162
72
59
118
109
51
66
141
60
46
198
139
191
110
163
69
108
67
36
140
93
117
170
0
153
183
89
83
64
114
186
23
137
12
130
94
124
111
167
148
37
33
9
62
61
144
155
102
49
138
32
3
178
106
52
55
179
91
185
40
119
8
165
39
95
7
164
58
71
27
107
90
174
187
81
169
196
17
157
188
85
31
13
56
113
171
88
16
78
168
145
82
44
120
2
87
125
74
152
97
1
150
101
26
100
19
189
99
121
182
136
53
158
180
173
6
194
127
29
156
126
112
35
11
166
28
184
84
4
190
10
177
104
147
54
30
48
160
192
181
103
