179
145
78
168
157
31
85
188
56
13
171
88
16
25
44
120
82
2
87
125
74
152
1
150
101
97
26
100
19
189
99
121
182
136
53
158
180
173
6
194
161
162
72
151
133
63
94
124
130
12
80
176
66
141
51
109
60
118
59
116
65
47
105
77
131
149
24
29
156
126
112
4
84
11
166
28
184
104
147
54
30
48
160
192
181
103
146
195
159
193
41
96
115
198
46
68
163
69
108
67
36
140
93
117
0
170
143
183
89
76
23
186
114
64
15
61
9
62
102
49
155
144
132
21
7
164
58
71
27
107
90
174
187
81
196
169
185
40
119
165
8
138
32
3
178
106
52
55
91
