111
68
56
144
160
33
49
11
139
2
43
168
195
126
13
145
15
189
167
184
155
84
3
70
161
132
169
65
188
6
150
192
147
71
67
120
98
51
125
90
191
178
10
133
44
17
100
63
102
38
27
16
42
30
117
198
156
24
197
1
131
121
112
19
151
54
31
193
164
73
136
105
190
80
46
162
45
142
175
78
5
7
177
123
171
25
182
138
157
104
8
82
58
87
21
61
79
91
141
77
97
146
187
165
127
89
103
26
163
186
153
119
159
143
106
124
128
64
176
180
88
194
166
86
110
95
185
22
179
52
172
57
66
94
154
47
148
60
23
20
59
28
101
149
4
199
140
183
174
55
18
62
34
69
109
35
0
29
39
12
37
41
