68
8
171
25
182
138
157
104
56
144
160
33
49
11
139
2
85
74
118
98
51
120
67
71
191
90
125
131
121
112
19
151
54
73
164
31
193
117
198
30
42
156
24
1
197
16
27
38
102
63
100
17
44
133
10
178
115
147
192
150
6
188
65
169
132
126
13
145
15
3
161
70
84
155
184
167
189
69
29
39
12
0
109
35
143
159
119
106
124
62
18
55
83
128
110
95
174
183
140
199
4
149
101
28
59
20
148
47
154
94
66
57
172
52
179
22
185
86
166
194
88
176
180
26
103
163
89
127
165
187
146
97
77
81
14
41
111
50
58
91
79
61
7
78
175
142
46
162
45
5
123
177
21
87
82
