26
100
101
150
120
44
82
92
179
91
55
52
106
178
3
32
138
8
185
119
40
169
196
17
157
168
31
13
56
188
98
81
187
174
90
107
27
165
39
95
58
164
7
21
132
144
155
49
102
61
62
9
33
37
148
167
111
124
12
130
94
182
136
63
133
161
162
72
109
51
141
66
176
137
23
186
114
64
83
89
183
143
170
0
117
93
140
68
198
139
191
110
142
159
193
41
96
115
46
60
118
59
65
116
105
77
131
149
24
35
11
166
28
184
160
192
181
146
103
34
48
30
54
147
104
177
10
190
4
112
126
156
29
127
194
6
173
180
158
53
121
99
189
19
152
74
125
87
1
97
