38
97
154
105
66
56
78
7
90
23
98
111
44
143
190
16
72
28
131
185
18
126
35
69
93
134
159
1
86
89
87
37
170
106
24
30
116
53
76
33
42
195
25
165
101
153
0
157
115
173
67
79
120
3
177
73
50
54
113
184
124
95
70
13
117
71
51
158
187
82
138
166
6
136
8
147
144
55
180
151
99
182
88
45
163
118
68
49
176
167
40
171
186
5
178
102
21
175
59
91
156
2
39
36
114
197
123
84
169
96
199
80
141
128
164
14
183
133
198
74
161
129
19
121
135
112
81
31
62
140
142
10
26
43
60
9
194
168
48
11
64
162
63
46
145
58
179
41
100
152
75
94
17
160
122
125
149
34
127
107
193
188
83
92
22
148
57
104
