27
38
102
32
96
63
100
17
44
133
10
178
191
90
125
51
120
67
71
147
192
150
6
188
65
169
132
126
13
145
161
70
3
15
189
167
69
109
35
0
12
29
39
160
33
49
11
138
182
139
2
85
74
118
98
116
121
112
19
158
25
157
104
56
8
82
68
111
37
159
143
62
18
55
34
170
152
53
174
183
140
4
149
101
28
59
199
9
148
47
154
94
66
57
172
52
179
22
185
95
86
110
128
124
106
119
41
14
81
153
186
163
180
176
88
194
166
48
76
114
26
103
89
127
165
187
146
97
77
58
91
79
61
21
87
171
123
177
7
5
78
175
142
45
162
46
80
190
105
136
73
164
193
31
54
151
117
198
30
42
156
24
1
197
16
