41
119
159
143
106
124
128
110
62
34
170
152
53
174
55
18
83
181
95
9
199
140
4
149
101
28
59
20
23
60
148
47
154
94
66
57
172
52
179
22
185
86
166
194
88
176
180
26
103
114
137
127
165
89
163
186
153
97
77
58
82
87
91
79
61
7
5
45
142
78
175
162
46
80
190
105
136
73
164
193
31
54
151
117
198
30
42
156
24
1
197
16
27
38
102
63
100
17
44
133
10
178
71
67
120
85
2
43
168
195
126
13
132
169
188
65
161
70
3
15
145
189
167
69
109
0
12
29
39
160
33
49
11
138
182
74
118
98
51
191
90
125
131
121
112
19
158
25
123
177
171
157
104
56
8
68
111
35
37
