109
196
17
23
15
51
127
54
78
183
103
133
139
58
74
92
192
146
125
6
86
35
7
45
157
93
71
118
47
38
53
105
152
143
99
19
150
108
50
29
69
155
24
22
28
2
120
100
16
66
90
149
67
188
4
8
167
119
186
130
102
42
153
34
83
87
112
166
156
137
10
174
190
132
181
145
76
163
61
97
39
131
177
169
140
142
82
122
126
151
27
160
129
101
185
0
49
20
198
55
116
111
73
5
187
197
37
98
32
11
46
110
172
3
88
41
179
77
26
79
136
189
43
128
113
158
173
124
63
162
178
193
25
141
31
44
60
148
123
161
59
134
107
40
194
52
138
121
62
106
57
117
64
85
84
114
91
89
48
1
195
95
56
12
104
135
68
33
176
168
144
96
72
