118
59
116
105
65
47
77
131
149
24
29
156
126
112
35
11
84
4
190
10
177
104
147
54
30
48
34
103
146
181
192
160
184
28
166
42
5
96
41
193
159
199
18
69
108
67
163
36
140
93
117
170
0
68
110
191
139
198
46
60
141
66
51
151
133
63
136
182
121
99
189
19
94
124
130
12
137
23
76
183
89
83
114
64
15
33
37
148
111
167
128
55
52
178
3
106
185
40
119
8
165
39
138
32
49
102
62
9
61
155
144
132
21
7
164
58
71
27
107
90
174
187
81
196
169
91
179
145
78
168
157
188
85
31
13
56
113
171
88
16
25
44
120
82
2
87
125
74
152
97
1
150
101
26
100
53
158
180
173
6
194
161
162
72
